$ 1 0.000005 1.700203994009402 50 5 43 5e-11
f 304 96 256 96 33 3 0.02
f 416 96 368 96 32 1.5 0.02
r 256 48 320 48 0 10000
w 256 80 256 48 0
w 320 48 320 96 0
w 304 96 320 96 0
w 320 48 368 48 0
w 368 48 368 80 0
g 368 112 368 128 0 0
r 256 112 256 192 0 40
R 416 96 448 96 0 2 100 3.3 0 0 0.5
R 416 240 448 240 0 2 100 3.3 0 0 0.5
r 256 256 256 336 0 40
g 368 256 368 272 0 0
w 368 192 368 224 0
w 320 192 368 192 0
w 304 240 320 240 0
w 320 192 320 240 0
w 256 224 256 192 0
r 256 192 320 192 0 10000
f 416 240 368 240 32 1.5 0.02
f 304 240 256 240 33 3 0.02
R 416 384 448 384 0 2 100 3.3 0 0 0.5
r 256 400 256 480 0 40
g 368 400 368 416 0 0
w 368 336 368 368 0
w 320 336 368 336 0
w 304 384 320 384 0
w 320 336 320 384 0
w 256 368 256 336 0
r 256 336 320 336 0 10000
f 416 384 368 384 32 1.5 0.02
f 304 384 256 384 33 3 0.02
R 416 528 448 528 0 2 100 3.3 0 0 0.5
r 256 544 256 624 0 40
g 368 544 368 560 0 0
w 368 480 368 512 0
w 320 480 368 480 0
w 304 528 320 528 0
w 320 480 320 528 0
w 256 512 256 480 0
r 256 480 320 480 0 10000
f 416 528 368 528 32 1.5 0.02
f 304 528 256 528 33 3 0.02
R 416 672 448 672 0 2 100 3.3 0 0 0.5
r 256 688 256 768 0 40
g 368 688 368 704 0 0
w 368 624 368 656 0
w 320 624 368 624 0
w 304 672 320 672 0
w 320 624 320 672 0
w 256 656 256 624 0
r 256 624 320 624 0 10000
f 416 672 368 672 32 1.5 0.02
f 304 672 256 672 33 3 0.02
R 416 816 448 816 0 2 100 3.3 0 0 0.5
r 256 832 256 912 0 40
g 368 832 368 848 0 0
w 368 768 368 800 0
w 320 768 368 768 0
w 304 816 320 816 0
w 320 768 320 816 0
w 256 800 256 768 0
r 256 768 320 768 0 10000
f 416 816 368 816 32 1.5 0.02
f 304 816 256 816 33 1.3 0.02
g 256 912 256 944 0 0
v 224 192 224 48 0 0 40 3.7 0 0 0.5
v 224 336 224 192 0 0 40 3.7 0 0 0.5
v 224 480 224 336 0 0 40 3.7 0 0 0.5
v 224 624 224 480 0 0 40 3.7 0 0 0.5
v 224 768 224 624 0 0 40 3.7 0 0 0.5
v 224 912 224 768 0 0 40 3.7 0 0 0.5
w 224 912 256 912 0
w 224 768 256 768 0
w 224 624 256 624 0
w 256 480 224 480 0
w 224 336 256 336 0
w 224 48 256 48 0
w 256 192 224 192 0
w 656 192 624 192 0
w 624 48 656 48 0
w 624 336 656 336 0
w 656 480 624 480 0
w 624 624 656 624 0
w 624 768 656 768 0
w 624 912 656 912 0
v 624 912 624 768 0 0 40 3.7 0 0 0.5
v 624 768 624 624 0 0 40 3.7 0 0 0.5
v 624 624 624 480 0 0 40 3.7 0 0 0.5
v 624 480 624 336 0 0 40 3.7 0 0 0.5
v 624 336 624 192 0 0 40 3.7 0 0 0.5
v 624 192 624 48 0 0 40 3.7 0 0 0.5
g 656 912 656 944 0 0
f 704 816 656 816 33 1.3 0.02
f 816 816 768 816 32 1.5 0.02
r 768 768 832 768 0 10000
w 656 800 656 768 0
w 720 768 720 816 0
w 704 816 720 816 0
w 720 768 768 768 0
w 768 768 768 800 0
r 656 832 656 912 0 40
R 816 816 848 816 0 2 100 3.3 0 0 0.5
f 704 672 656 672 33 3 0.02
f 816 672 768 672 32 1.5 0.02
r 768 624 832 624 0 10000
w 656 656 656 624 0
w 720 624 720 672 0
w 704 672 720 672 0
w 720 624 768 624 0
w 768 624 768 656 0
r 656 688 656 768 0 40
R 816 672 848 672 0 2 100 3.3 0 0 0.5
f 704 528 656 528 33 3 0.02
f 816 528 768 528 32 1.5 0.02
r 768 480 832 480 0 10000
w 656 512 656 480 0
w 720 480 720 528 0
w 704 528 720 528 0
w 720 480 768 480 0
w 768 480 768 512 0
r 656 544 656 624 0 40
R 816 528 848 528 0 2 100 3.3 0 0 0.5
f 704 384 656 384 33 3 0.02
f 816 384 768 384 32 1.5 0.02
r 768 336 832 336 0 10000
w 656 368 656 336 0
w 720 336 720 384 0
w 704 384 720 384 0
w 720 336 768 336 0
w 768 336 768 368 0
r 656 400 656 480 0 40
R 816 384 848 384 0 2 100 3.3 0 0 0.5
f 704 240 656 240 33 3 0.02
f 816 240 768 240 32 1.5 0.02
r 768 192 832 192 0 10000
w 656 224 656 192 0
w 720 192 720 240 0
w 704 240 720 240 0
w 720 192 768 192 0
w 768 192 768 224 0
r 656 256 656 336 0 40
R 816 240 848 240 0 2 100 3.3 0 0 0.5
R 816 96 848 96 0 2 100 3.3 0 0 0.5
r 656 112 656 192 0 40
w 768 48 768 80 0
w 720 48 768 48 0
w 704 96 720 96 0
w 720 48 720 96 0
w 656 80 656 48 0
r 768 48 832 48 0 10000
f 816 96 768 96 32 1.5 0.02
f 704 96 656 96 33 3 0.02
207 960 0 960 -48 4 pullup
w 960 0 656 0 0
w 656 0 656 48 0
w 832 48 960 48 0
w 960 0 960 48 0
w 960 48 960 192 0
w 832 192 960 192 0
w 960 192 960 336 0
w 832 336 960 336 0
w 960 336 960 480 0
w 832 480 960 480 0
w 832 624 960 624 0
w 960 480 960 624 0
w 832 768 960 768 0
w 960 624 960 768 0
g 768 832 768 864 0 0
g 768 688 768 720 0 0
g 768 544 768 576 0 0
g 768 400 768 432 0 0
g 768 256 768 288 0 0
g 768 112 768 144 0 0
w 1152 192 1120 192 0
w 1120 48 1152 48 0
w 1120 336 1152 336 0
w 1152 480 1120 480 0
w 1120 624 1152 624 0
w 1120 768 1152 768 0
w 1120 912 1152 912 0
v 1120 912 1120 768 0 0 40 3.7 0 0 0.5
v 1120 768 1120 624 0 0 40 3.7 0 0 0.5
v 1120 624 1120 480 0 0 40 3.7 0 0 0.5
v 1120 480 1120 336 0 0 40 3.7 0 0 0.5
v 1120 336 1120 192 0 0 40 3.7 0 0 0.5
v 1120 192 1120 48 0 0 40 3.7 0 0 0.5
g 1152 912 1152 944 0 0
f 1312 816 1264 816 32 1.5 0.02
r 1152 768 1216 768 0 10000
w 1152 800 1152 768 0
w 1216 768 1216 816 0
w 1216 768 1264 768 0
w 1264 768 1264 800 0
g 1264 832 1264 848 0 0
r 1152 800 1152 848 0 40
R 1312 816 1344 816 0 2 100 3.3 0 0 0.5
f 1312 672 1264 672 32 1.5 0.02
r 1152 624 1216 624 0 10000
w 1152 656 1152 624 0
w 1216 624 1216 672 0
w 1216 624 1264 624 0
w 1264 624 1264 656 0
g 1264 688 1264 704 0 0
r 1152 656 1152 704 0 40
R 1312 672 1344 672 0 2 100 3.3 0 0 0.5
f 1312 528 1264 528 32 1.5 0.02
r 1152 480 1216 480 0 10000
w 1152 512 1152 480 0
w 1216 480 1216 528 0
w 1216 480 1264 480 0
w 1264 480 1264 512 0
g 1264 544 1264 560 0 0
r 1152 512 1152 560 0 40
R 1312 528 1344 528 0 2 100 3.3 0 0 0.5
f 1312 384 1264 384 32 1.5 0.02
r 1152 336 1216 336 0 10000
w 1152 368 1152 336 0
w 1216 336 1216 384 0
w 1216 336 1264 336 0
w 1264 336 1264 368 0
g 1264 400 1264 416 0 0
r 1152 368 1152 416 0 40
R 1312 384 1344 384 0 2 100 3.3 0 0 0.5
f 1312 240 1264 240 32 1.5 0.02
r 1152 192 1216 192 0 10000
w 1152 224 1152 192 0
w 1216 192 1216 240 0
w 1216 192 1264 192 0
w 1264 192 1264 224 0
g 1264 256 1264 272 0 0
r 1152 224 1152 272 0 40
R 1312 240 1344 240 0 2 100 3.3 0 0 0.5
R 1312 96 1344 96 0 2 100 3.3 0 0 0.5
r 1152 80 1152 128 0 40
g 1264 112 1264 128 0 0
w 1264 48 1264 80 0
w 1216 48 1264 48 0
w 1216 48 1216 96 0
w 1152 80 1152 48 0
r 1152 48 1216 48 0 10000
f 1312 96 1264 96 32 1.5 0.02
f 1200 864 1152 864 32 1.5 0.02
f 1200 720 1152 720 32 1.5 0.02
f 1200 576 1152 576 32 1.5 0.02
f 1200 432 1152 432 32 1.5 0.02
f 1200 288 1152 288 32 1.5 0.02
f 1200 144 1152 144 32 1.5 0.02
w 1152 160 1152 192 0
w 1152 304 1152 336 0
w 1152 448 1152 480 0
w 1152 592 1152 624 0
w 1152 736 1152 768 0
w 1152 880 1152 912 0
w 1216 816 1216 864 0
w 1200 864 1216 864 0
w 1216 672 1216 720 0
w 1200 720 1216 720 0
w 1216 528 1216 576 0
w 1200 576 1216 576 0
w 1216 384 1216 432 0
w 1200 432 1216 432 0
w 1216 240 1216 288 0
w 1200 288 1216 288 0
w 1216 96 1216 144 0
w 1200 144 1216 144 0
